# Models: X-axis(1) CSHss(2) CSHss(3)
# Labels: s_ch(1) X_CSH(2) S_SH(3)
1.000000e-20 1.778412e-14 1.000000e+00
1.258925e-20 2.238897e-14 1.000000e+00
1.584893e-20 2.818618e-14 1.000000e+00
1.995262e-20 3.548447e-14 1.000000e+00
2.511886e-20 4.467254e-14 1.000000e+00
3.162278e-20 5.623972e-14 1.000000e+00
3.981072e-20 7.080203e-14 1.000000e+00
5.011872e-20 8.913502e-14 1.000000e+00
6.309573e-20 1.122151e-13 1.000000e+00
7.943282e-20 1.412714e-13 1.000000e+00
1.000000e-19 1.778515e-13 1.000000e+00
1.258925e-19 2.239034e-13 1.000000e+00
1.584893e-19 2.818801e-13 1.000000e+00
1.995262e-19 3.548692e-13 1.000000e+00
2.511886e-19 4.467580e-13 1.000000e+00
3.162278e-19 5.624407e-13 1.000000e+00
3.981072e-19 7.080782e-13 1.000000e+00
5.011872e-19 8.914274e-13 1.000000e+00
6.309573e-19 1.122254e-12 1.000000e+00
7.943282e-19 1.412851e-12 1.000000e+00
1.000000e-18 1.778698e-12 1.000000e+00
1.258925e-18 2.239279e-12 1.000000e+00
1.584893e-18 2.819127e-12 1.000000e+00
1.995262e-18 3.549126e-12 1.000000e+00
2.511886e-18 4.468159e-12 1.000000e+00
3.162278e-18 5.625180e-12 1.000000e+00
3.981072e-18 7.081813e-12 1.000000e+00
5.011872e-18 8.915649e-12 1.000000e+00
6.309573e-18 1.122437e-11 1.000000e+00
7.943282e-18 1.413096e-11 1.000000e+00
1.000000e-17 1.779024e-11 1.000000e+00
1.258925e-17 2.239713e-11 1.000000e+00
1.584893e-17 2.819707e-11 1.000000e+00
1.995262e-17 3.549899e-11 1.000000e+00
2.511886e-17 4.469190e-11 1.000000e+00
3.162278e-17 5.626554e-11 1.000000e+00
3.981072e-17 7.083645e-11 1.000000e+00
5.011872e-17 8.918092e-11 1.000000e+00
6.309573e-17 1.122763e-10 1.000000e+00
7.943282e-17 1.413530e-10 1.000000e+00
1.000000e-16 1.779604e-10 1.000000e+00
1.258925e-16 2.240486e-10 1.000000e+00
1.584893e-16 2.820737e-10 1.000000e+00
1.995262e-16 3.551273e-10 1.000000e+00
2.511886e-16 4.471022e-10 1.000000e+00
3.162278e-16 5.628998e-10 1.000000e+00
3.981072e-16 7.086904e-10 1.000000e+00
5.011872e-16 8.922438e-10 1.000000e+00
6.309573e-16 1.123342e-09 1.000000e+00
7.943282e-16 1.414303e-09 1.000000e+00
1.000000e-15 1.780634e-09 1.000000e+00
1.258925e-15 2.241860e-09 1.000000e+00
1.584893e-15 2.822570e-09 1.000000e+00
1.995262e-15 3.553717e-09 1.000000e+00
2.511886e-15 4.474281e-09 1.000000e+00
3.162278e-15 5.633343e-09 1.000000e+00
3.981072e-15 7.092700e-09 1.000000e+00
5.011872e-15 8.930166e-09 1.000000e+00
6.309573e-15 1.124373e-08 1.000000e+00
7.943282e-15 1.415677e-08 1.000000e+00
1.000000e-14 1.782467e-08 1.000000e+00
1.258925e-14 2.244304e-08 1.000000e+00
1.584893e-14 2.825829e-08 1.000000e+00
1.995262e-14 3.558063e-08 1.000000e+00
2.511886e-14 4.480076e-08 1.000000e+00
3.162278e-14 5.641071e-08 9.999999e-01
3.981072e-14 7.103005e-08 9.999999e-01
5.011872e-14 8.943908e-08 9.999999e-01
6.309573e-14 1.126206e-07 9.999999e-01
7.943282e-14 1.418121e-07 9.999999e-01
1.000000e-13 1.785725e-07 9.999998e-01
1.258925e-13 2.248650e-07 9.999998e-01
1.584893e-13 2.831623e-07 9.999997e-01
1.995262e-13 3.565790e-07 9.999996e-01
2.511886e-13 4.490380e-07 9.999996e-01
3.162278e-13 5.654810e-07 9.999994e-01
3.981072e-13 7.121325e-07 9.999993e-01
5.011872e-13 8.968337e-07 9.999991e-01
6.309573e-13 1.129463e-06 9.999989e-01
7.943282e-13 1.422464e-06 9.999986e-01
1.000000e-12 1.791516e-06 9.999982e-01
1.258925e-12 2.256370e-06 9.999977e-01
1.584893e-12 2.841917e-06 9.999972e-01
1.995262e-12 3.579513e-06 9.999964e-01
2.511886e-12 4.508675e-06 9.999955e-01
3.162278e-12 5.679198e-06 9.999943e-01
3.981072e-12 7.153833e-06 9.999929e-01
5.011872e-12 9.011665e-06 9.999910e-01
6.309573e-12 1.135237e-05 9.999887e-01
7.943282e-12 1.430159e-05 9.999857e-01
1.000000e-11 1.801768e-05 9.999820e-01
1.258925e-11 2.270027e-05 9.999774e-01
1.584893e-11 2.860106e-05 9.999715e-01
1.995262e-11 3.603732e-05 9.999641e-01
2.511886e-11 4.540913e-05 9.999547e-01
3.162278e-11 5.722097e-05 9.999430e-01
3.981072e-11 7.210893e-05 9.999282e-01
5.011872e-11 9.087522e-05 9.999095e-01
6.309573e-11 1.145316e-04 9.998859e-01
7.943282e-11 1.443540e-04 9.998563e-01
1.000000e-10 1.819518e-04 9.998189e-01
1.258925e-10 2.293548e-04 9.997717e-01
1.584893e-10 2.891233e-04 9.997123e-01
1.995262e-10 3.644863e-04 9.996374e-01
2.511886e-10 4.595162e-04 9.995430e-01
3.162278e-10 5.793482e-04 9.994240e-01
3.981072e-10 7.304564e-04 9.992740e-01
5.011872e-10 9.210014e-04 9.990849e-01
6.309573e-10 1.161265e-03 9.988464e-01
7.943282e-10 1.464197e-03 9.985459e-01
1.000000e-09 1.846091e-03 9.981671e-01
1.258925e-09 2.327435e-03 9.976898e-01
1.584893e-09 2.933963e-03 9.970883e-01
1.995262e-09 3.697937e-03 9.963306e-01
2.511886e-09 4.659734e-03 9.953766e-01
3.162278e-09 5.869755e-03 9.941760e-01
3.981072e-09 7.390698e-03 9.926660e-01
5.011872e-09 9.300237e-03 9.907685e-01
6.309573e-09 1.169408e-02 9.883869e-01
7.943282e-09 1.468934e-02 9.854018e-01
1.000000e-08 1.842803e-02 9.816674e-01
1.258925e-08 2.308045e-02 9.770062e-01
1.584893e-08 2.884786e-02 9.712055e-01
1.995262e-08 3.596362e-02 9.640129e-01
2.511886e-08 4.469179e-02 9.551349e-01
3.162278e-08 5.532169e-02 9.442372e-01
3.981072e-08 6.815670e-02 9.309510e-01
5.011872e-08 8.349610e-02 9.148845e-01
6.309573e-08 1.016090e-01 8.956434e-01
7.943282e-08 1.227013e-01 8.728609e-01
1.000000e-07 1.468789e-01 8.462367e-01
1.258925e-07 1.741124e-01 8.155813e-01
1.584893e-07 2.042129e-01 7.808608e-01
1.995262e-07 2.368237e-01 7.422339e-01
2.511886e-07 2.714365e-01 7.000709e-01
3.162278e-07 3.074297e-01 6.549489e-01
3.981072e-07 3.441233e-01 6.076209e-01
5.011872e-07 3.808401e-01 5.589617e-01
6.309573e-07 4.169618e-01 5.098996e-01
7.943282e-07 4.519701e-01 4.613462e-01
1.000000e-06 4.854699e-01 4.141342e-01
1.258925e-06 5.171947e-01 3.689711e-01
1.584893e-06 5.469984e-01 3.264121e-01
1.995262e-06 5.748369e-01 2.868522e-01
2.511886e-06 6.007476e-01 2.505320e-01
3.162278e-06 6.248267e-01 2.175553e-01
3.981072e-06 6.472099e-01 1.879119e-01
5.011872e-06 6.680557e-01 1.615024e-01
6.309573e-06 6.875317e-01 1.381621e-01
7.943282e-06 7.058052e-01 1.176827e-01
1.000000e-05 7.230361e-01 9.983036e-02
1.258925e-05 7.393718e-01 8.435978e-02
1.584893e-05 7.549449e-01 7.102540e-02
1.995262e-05 7.698717e-01 5.958925e-02
2.511886e-05 7.842516e-01 4.982618e-02
3.162278e-05 7.981678e-01 4.152723e-02
3.981072e-05 8.116886e-01 3.450143e-02
5.011872e-05 8.248685e-01 2.857634e-02
6.309573e-05 8.377505e-01 2.359790e-02
7.943282e-05 8.503677e-01 1.942967e-02
1.000000e-04 8.627459e-01 1.595173e-02
1.258925e-04 8.749051e-01 1.305941e-02
1.584893e-04 8.868625e-01 1.066187e-02
1.995262e-04 8.986335e-01 8.680750e-03
2.511886e-04 9.102342e-01 7.048757e-03
3.162278e-04 9.216827e-01 5.708413e-03
3.981072e-04 9.330001e-01 4.610842e-03
5.011872e-04 9.442119e-01 3.714659e-03
6.309573e-04 9.553483e-01 2.984973e-03
7.943282e-04 9.664447e-01 2.392493e-03
1.000000e-03 9.775413e-01 1.912720e-03
1.258925e-03 9.886833e-01 1.525250e-03
1.584893e-03 9.999200e-01 1.213142e-03
1.995262e-03 1.011304e+00 9.623920e-04
2.511886e-03 1.022889e+00 7.614550e-04
3.162278e-03 1.034732e+00 6.008491e-04
3.981072e-03 1.046887e+00 4.728107e-04
5.011872e-03 1.059406e+00 3.710017e-04
6.309573e-03 1.072336e+00 2.902635e-04
7.943282e-03 1.085718e+00 2.264090e-04
1.000000e-02 1.099585e+00 1.760486e-04
1.258925e-02 1.113956e+00 1.364458e-04
1.584893e-02 1.128839e+00 1.053961e-04
1.995262e-02 1.144227e+00 8.112884e-05
2.511886e-02 1.160096e+00 6.222472e-05
3.162278e-02 1.176401e+00 4.754900e-05
3.981072e-02 1.193084e+00 3.619678e-05
5.011872e-02 1.210063e+00 2.744826e-05
6.309573e-02 1.227245e+00 2.073245e-05
7.943282e-02 1.244519e+00 1.559778e-05
1.000000e-01 1.261764e+00 1.168820e-05
1.258925e-01 1.278853e+00 8.723991e-06
1.584893e-01 1.295657e+00 6.486145e-06
1.995262e-01 1.312048e+00 4.803939e-06
2.511886e-01 1.327909e+00 3.544825e-06
3.162278e-01 1.343131e+00 2.606375e-06
3.981072e-01 1.357624e+00 1.909821e-06
5.011872e-01 1.371316e+00 1.394887e-06
6.309573e-01 1.384151e+00 1.015683e-06
7.943282e-01 1.396098e+00 7.374596e-07
1.000000e+00 1.407140e+00 5.340339e-07
